     Alpha                Alpha                Alpha                Alpha                Alpha                Alpha                Alpha                Alpha                Alpha                Alpha                Alpha           
            0         0.1660267              0          0.168368              0         0.1700992              0         0.1714161              0         0.1724945              0         0.1733699              0         0.1740454              0         0.1744897              0         0.1747561              0         0.1750175              0         0.1753256  
          0.5         0.2226434            0.5         0.2268173            0.5         0.2288495            0.5         0.2303416            0.5         0.2314858            0.5          0.232265            0.5         0.2326817            0.5         0.2329558            0.5         0.2333437            0.5         0.2337891            0.5         0.2343175  
            1         0.2796341              1         0.2844724              1         0.2874762              1         0.2891471              1         0.2902813              1          0.290861              1         0.2911998              1          0.291689              1         0.2921995              1         0.2930268              1         0.2938315  
          1.5         0.3368955            1.5         0.3420821            1.5         0.3456742            1.5         0.3477892            1.5          0.348791            1.5         0.3493313            1.5          0.349983            1.5         0.3506607            1.5         0.3515933            1.5         0.3524774            1.5         0.3533338  
            2         0.3939073              2         0.3996605              2         0.4036073              2         0.4060163              2         0.4070453              2         0.4078286              2          0.408915              2         0.4099871              2         0.4109798              2         0.4118785              2          0.412587  
          2.5         0.4506922            2.5          0.457248            2.5         0.4613056            2.5          0.463334            2.5          0.464981            2.5         0.4665655            2.5          0.467827            2.5         0.4688855            2.5         0.4694818            2.5         0.4696619            2.5         0.4696689  
            3         0.5079203              3         0.5149639              3          0.518086              3         0.5205787              3         0.5227599              3         0.5244701              3         0.5252281              3         0.5249805              3         0.5249836              3         0.5262646              3         0.5273683  
          3.5         0.5660579            3.5         0.5716033            3.5         0.5746945            3.5          0.577206            3.5         0.5779124            3.5         0.5782728            3.5         0.5805364            3.5         0.5822892            3.5         0.5835069            3.5         0.5841807            3.5          0.583814  
            4         0.6226166              4         0.6269886              4         0.6290935              4         0.6303565              4          0.633486              4         0.6359877              4         0.6375731              4         0.6370265              4         0.6365178              4         0.6372204              4         0.6343293  
          4.5         0.6758392            4.5         0.6796845            4.5         0.6836533            4.5         0.6871471            4.5         0.6886224            4.5         0.6871169            4.5         0.6886423            4.5         0.6848458            4.5         0.6810938            4.5         0.6750525              5         0.6899608  
            5         0.7264893              5         0.7337928              5         0.7355656              5         0.7353839              5          0.730002            5.5         0.7256632              5         0.7130449              5         0.7053244              5         0.6996785            5.5         0.6976359            5.5         0.6980668  
          5.5         0.7744379            5.5         0.7744327            5.5         0.7612043            5.5         0.7475674            5.5         0.7363037              6         0.7136329            5.5         0.7189196            5.5         0.7134058            5.5         0.7051184              6         0.6882968              6         0.6874524  
            6         0.7926843              6         0.7684794              6         0.7469125              6         0.7303307              6         0.7192319            6.5         0.7012936              6         0.7021045              6         0.7010692              6         0.6931124            6.5         0.6861576            6.5         0.6803083  
          6.5         0.7596969            6.5         0.7359904            6.5         0.7214802            6.5         0.7130093            6.5         0.7044207              7         0.6884304            6.5         0.6942618            6.5         0.6924363            6.5         0.6852032              7         0.6915022              7         0.6940695  
            7         0.7259017              7         0.7125823              7         0.7027998              7         0.6982061              7          0.694614            7.5          0.686776              7         0.6878462              7         0.6860624              7         0.6894664            7.5         0.7012758            7.5         0.7006019  
          7.5         0.7013091            7.5         0.6947599            7.5         0.6900737            7.5         0.6854651            7.5         0.6820881              8         0.6978609            7.5         0.6894685            7.5         0.6948237            7.5          0.699408              8          0.714904              8          0.718621  
            8         0.6801323              8         0.6754677              8         0.6764181              8         0.6819761              8         0.6885882            8.5         0.7122289              8         0.7024873              8         0.7046202              8         0.7095018            8.5         0.7279071            8.5         0.7287854  
          8.5          0.664289            8.5         0.6588355            8.5         0.6831133            8.5         0.6975183            8.5         0.7068138              9         0.7269423            8.5         0.7171788            8.5          0.721839            8.5         0.7255497              9           0.74047              9         0.7617114  
            9          0.646338              9         0.6776805              9         0.6977947              9         0.7107166              9         0.7193417            9.5         0.7384342              9         0.7345298              9         0.7383148              9         0.7389009            9.5          0.767849            9.5         0.7793814  
          9.5         0.6592087            9.5         0.6910042            9.5         0.7109749            9.5         0.7260191            9.5         0.7343824             10         0.7486249            9.5         0.7385139            9.5         0.7377388            9.5         0.7548845             10         0.7881966             10         0.7983512  
           10         0.6654414             10         0.6963797             10         0.7217728             10         0.7390948             10         0.7471334           10.5         0.7510313             10         0.7443769             10         0.7588244             10         0.7755579           10.5         0.8078494           10.5         0.8190106  
           11         0.7170761             11         0.7401488           10.5          0.734377           10.5         0.7489512           10.5         0.7527571             11         0.7581264           10.5         0.7450611           10.5         0.7687206           10.5         0.7891486             11         0.8166217             11         0.8288813  
         11.5         0.7368489           11.5         0.7611046             11         0.7481773           11.5         0.7819498             11         0.7612123           11.5         0.7576914             11          0.762498             11         0.7851384             11         0.8024594           11.5         0.8342235           11.5         0.8461717  
           12         0.7595518             12         0.7804885           11.5         0.7784908             12         0.7957651           11.5         0.7712396             12         0.7832054             12         0.7993612           11.5         0.7986814           11.5         0.8183961             12         0.8465384             12         0.8603454  
         12.5         0.7824078           12.5         0.7984673             12         0.7932439           12.5         0.8112606             12         0.7917059           12.5          0.802179           12.5         0.8197941             12         0.8122906             12         0.8231627           12.5         0.8651717           12.5         0.8758115  
           13         0.8051283             13         0.8159699           12.5         0.8097073             13         0.8269016           12.5         0.8068031             13         0.8255099             13         0.8406555           12.5         0.8369266           12.5         0.8519855             13         0.8834542             13         0.8949078  
         13.5         0.8279445           13.5         0.8299521             13         0.8255846           13.5         0.8387952             13         0.8236547           13.5         0.8474708           13.5         0.8605112             13         0.8563024             13         0.8706717           13.5         0.8962197           13.5         0.9073721  
           14         0.8467554             14         0.8489609           13.5         0.8369117             14         0.8567534           13.5         0.8418684           14.5         0.8740349             14         0.8706902           13.5          0.874614           13.5         0.8859894             14         0.9044296             14         0.9175132  
         14.5         0.8632415           14.5         0.8681181             14         0.8553488           14.5         0.8743241             14         0.8584419             15         0.8870479           14.5         0.8858068             14          0.880637             14         0.8923552           14.5         0.9203472           14.5         0.9310398  
           15         0.8738817             15         0.8848613           14.5         0.8734921             15         0.8891556           14.5         0.8716439           15.5         0.9003235             15         0.9033046           14.5         0.8977821           14.5         0.9092857             15         0.9387082             15         0.9493118  
         15.5         0.8796336           15.5         0.8976526             15         0.8897052           15.5         0.8988843             15         0.8807265             16         0.9031286           15.5          0.918807             15         0.9161688             15         0.9277424           15.5         0.9557486           15.5         0.9667162  
           16         0.8739142             16         0.9005045           15.5         0.9020577             16         0.8959468           15.5         0.8802112           16.5         0.9100501             16         0.9240647           15.5          0.932501           15.5         0.9444199             16         0.9625773             16         0.9739375  
         16.5         0.8663826           16.5         0.9053505             16         0.9052597           16.5         0.8907689             16         0.8637451             17         0.9148054           16.5         0.9333373             16         0.9388082             16         0.9511443           16.5         0.9754216           16.5          0.986715  
           17         0.8470042             17         0.9040851           16.5          0.909822             17         0.8735008           16.5         0.8631275           17.5         0.9081695             17         0.9417127           16.5         0.9498611           16.5         0.9634004             17         0.9894639             17          1.002016  
         17.5         0.8205177           17.5         0.8948716             17          0.906754           17.5         0.8528516             17         0.8571301             18           0.90492           17.5         0.9377676             17         0.9606653             17         0.9760205           17.5         0.9995693           17.5          1.014484  
           18         0.7801331             18         0.8799502           17.5         0.8941688             18          0.824794           17.5         0.8555338           18.5         0.8917954             18         0.9399775           17.5         0.9600674           17.5         0.9798759             18         0.9995541             18          1.014502  
           19         0.5792947           18.5         0.8626835             18         0.8754675           18.5         0.7946031             18         0.8389392             19         0.8710572           18.5         0.9296055             18         0.9640106             18         0.9831387           18.5          1.008627           18.5          1.025806  
         19.5         0.5743878             19         0.8312532           18.5         0.8536613             19         0.7627435           18.5         0.8138387           19.5         0.8413851             19         0.9239004           18.5         0.9638134           18.5         0.9891287             19          1.004239             19          1.027094  
           20          0.576518           19.5         0.7694023             19         0.8246225           19.5         0.7297274             19         0.7488407             20         0.7722755           19.5         0.9045716             19         0.9565767             19         0.9818149           19.5          1.008398           19.5          1.029772  
         20.5         0.5826559             20         0.5901571           19.5          0.790395             20         0.6962063             21         0.6082148           20.5          0.625435             20          0.876925           19.5         0.9434448           19.5         0.9826747             20         0.9999634             20          1.035313  
           21         0.5893503           20.5         0.5926636             20         0.7508314           20.5         0.6637458           21.5         0.6192664             21         0.6243639           20.5         0.8155976             20         0.9330185             20         0.9696472           20.5         0.9991451           20.5           1.03348  
         21.5         0.6033398             21         0.6031628           20.5         0.6465199             21         0.6381472             22         0.6297016           21.5         0.6292443             21         0.6520402           20.5          0.907898           20.5         0.9522494             21         0.9836699             21          1.036872  
           22         0.6206626           21.5         0.6178875             21         0.6356964           21.5         0.6098125           22.5         0.6399166             22         0.6365831           21.5         0.6415329             21         0.8505769             21         0.9294898           21.5         0.9931047           21.5          1.024894  
         22.5         0.6197596             22         0.6320097           21.5         0.6375872             22         0.6231316             23         0.6507541           22.5         0.6453466             22         0.6446174           21.5         0.6688704           21.5         0.8868696             22         0.9736521             22           1.00636  
           23         0.6281572           22.5         0.6254432             22         0.6165846           22.5         0.6350604           23.5         0.6629192             23         0.6557617           22.5         0.6517802             22          0.655476             22         0.6861386           22.5         0.9420398           22.5         0.9981395  
         23.5         0.6115882             23         0.6366679           22.5          0.630372             23         0.6462512             24         0.6747375           23.5         0.6674974             23         0.6616699           22.5         0.6598848           22.5          0.671224             23         0.6882324             23         0.9710649  
           24         0.6199954           23.5          0.648459             23         0.6417915           23.5         0.6585757           24.5         0.6851813             24         0.6792695           23.5          0.672696             23         0.6688857             23         0.6772328           23.5         0.6951263           23.5         0.9308621  
         24.5         0.6287116             24         0.6593621           23.5         0.6540932             24         0.6703815             25         0.6805685           24.5         0.6902838             24         0.6843327           23.5         0.6788689           23.5         0.6863109             24         0.7047375             24         0.8711815  
           25         0.6375279             25         0.6345934             24         0.6656971           24.5         0.6670195                                              25         0.6856521           24.5          0.695537             24         0.6902647             24         0.6971784           24.5         0.7151044           24.5         0.8646589  
                                                                           24.5         0.6242683                                                                                                                25         0.6909311           24.5         0.7015495           24.5         0.7082477             25         0.7010112                                   
                                                                             25         0.6330638                                                                                                                                                                                  25         0.6981271                                                                    

