     Cd       T1_Re0.500_M0.00_N9.0         Cd       T1_Re0.600_M0.00_N9.0         Cd       T1_Re0.700_M0.00_N9.0         Cd       T1_Re0.800_M0.00_N9.0         Cd       T1_Re0.900_M0.00_N9.0         Cd       T1_Re1.000_M0.00_N9.0         Cd       T1_Re1.100_M0.00_N9.0         Cd       T1_Re1.200_M0.00_N9.0         Cd       T1_Re1.300_M0.00_N9.0         Cd       T1_Re1.400_M0.00_N9.0         Cd       T1_Re1.500_M0.00_N9.0    
  0.009520783         0.1660267    0.008960379          0.168368     0.00804638         0.1700992    0.007420205         0.1714161    0.006955565         0.1724945    0.006598998         0.1733699    0.006333489         0.1740454      0.0061405         0.1744897    0.006006042         0.1747561    0.005914497         0.1750175    0.005847186         0.1753256  
  0.009829572         0.2226434    0.008944103         0.2268173    0.008074778         0.2288495    0.007444316         0.2303416    0.006979205         0.2314858     0.00663141          0.232265    0.006373756         0.2326817    0.006190505         0.2329558    0.006061824         0.2333437    0.005968938         0.2337891    0.005873721         0.2343175  
  0.009961334         0.2796341    0.008763035         0.2844724    0.008158701         0.2874762    0.007508947         0.2891471    0.007039809         0.2902813    0.006704384          0.290861    0.006469305         0.2911998     0.00630457          0.291689    0.006189864         0.2921995    0.005999465         0.2930268    0.005827607         0.2938315  
   0.01001969         0.3368955    0.008783704         0.3420821      0.0080633         0.3456742    0.007596277         0.3477892    0.007137221          0.348791    0.006830798         0.3493313    0.006633284          0.349983    0.006444506         0.3506607    0.006173873         0.3515933    0.005950165         0.3524774    0.005765707         0.3533338  
   0.01010422         0.3939073    0.008857416         0.3996605     0.00805537         0.4036073    0.007584028         0.4060163    0.007273605         0.4070453     0.00705386         0.4078286    0.006707767          0.408915    0.006374149         0.4099871    0.006104562         0.4109798    0.005892044         0.4118785    0.005727258          0.412587  
   0.01021826         0.4506922    0.008946858          0.457248    0.008093242         0.4613056    0.007609584          0.463334    0.007408741          0.464981     0.00695763         0.4665655    0.006578302          0.467827    0.006303574         0.4688855    0.006104237         0.4694818    0.005961689         0.4696619    0.005852929         0.4696689  
   0.01022213         0.5079203    0.008897634         0.5149639    0.008197867          0.518086    0.007570647         0.5205787    0.007087669         0.5227599    0.006810945         0.5244701     0.00662034         0.5252281    0.006445714         0.5249805    0.006313187         0.5249836    0.006121129         0.5262646    0.005959486         0.5273683  
   0.01006247         0.5660579    0.008962335         0.5716033    0.007967128         0.5746945    0.007417885          0.577206    0.007105326         0.5779124    0.006935249         0.5782728    0.006708865         0.5805364     0.00654628         0.5822892    0.006359043         0.5835069     0.00621193         0.5841807    0.006135606          0.583814  
  0.009666705         0.6226166    0.008590507         0.6269886    0.007964471         0.6290935    0.007599082         0.6303565     0.00721511          0.633486    0.006931714         0.6359877    0.006734057         0.6375731    0.006667783         0.6370265    0.006629244         0.6365178    0.006544184         0.6372204    0.006614322         0.6343293  
  0.009299579         0.6758392    0.008719283         0.6796845    0.008110908         0.6836533     0.00764524         0.6871471     0.00733898         0.6886224    0.007211943         0.6871169    0.007033588         0.6886423    0.007123212         0.6848458    0.007247507         0.6810938    0.007503562         0.6750525    0.009035016         0.6899608  
  0.009423933         0.7264893    0.008655099         0.7337928    0.008299127         0.7355656    0.007989952         0.7353839    0.007973786          0.730002    0.009764426         0.7256632    0.008405801         0.7130449    0.008630024         0.7053244    0.008779527         0.6996785    0.009879613         0.6976359    0.009833373         0.6980668  
  0.009514239         0.7744379    0.009013221         0.7744327    0.009147658         0.7612043    0.009457597         0.7475674    0.009615743         0.7363037     0.01067233         0.7136329    0.009821901         0.7189196    0.009856118         0.7134058    0.009876179         0.7051184     0.01077457         0.6882968     0.01073715         0.6874524  
   0.01033207         0.7926843     0.01040614         0.7684794     0.01040587         0.7469125     0.01052214         0.7303307      0.0106491         0.7192319      0.0119026         0.7012936     0.01076156         0.7021045     0.01069016         0.7010692     0.01074961         0.6931124     0.01198215         0.6861576     0.01205901         0.6803083  
   0.01157578         0.7596969       0.011641         0.7359904     0.01173404         0.7214802     0.01178528         0.7130093     0.01189381         0.7044207     0.01351933         0.6884304     0.01201343         0.6942618     0.01199398         0.6924363     0.01207423         0.6852032       0.013258         0.6915022     0.01313239         0.6940695  
   0.01319491         0.7259017     0.01342021         0.7125823     0.01347971         0.7027998     0.01344522         0.6982061     0.01342925          0.694614     0.01511459          0.686776     0.01347581         0.6878462     0.01348118         0.6860624     0.01334819         0.6894664      0.0144305         0.7012758      0.0144258         0.7006019  
   0.01524079         0.7013091      0.0152902         0.6947599     0.01536759         0.6900737     0.01539887         0.6854651     0.01537371         0.6820881     0.01648167         0.6978609     0.01494749         0.6894685     0.01471578         0.6948237     0.01452415          0.699408     0.01566406          0.714904     0.01551514          0.718621  
   0.01761626         0.6801323     0.01757604         0.6754677     0.01742832         0.6764181     0.01717248         0.6819761     0.01690304         0.6885882     0.01781636         0.7122289     0.01623142         0.7024873     0.01608548         0.7046202      0.0158757         0.7095018     0.01701546         0.7279071     0.01693661         0.7287854  
   0.02004184          0.664289     0.02026844         0.6588355     0.01912759         0.6831133     0.01846467         0.6975183     0.01805348         0.7068138     0.01922352         0.7269423     0.01760146         0.7171788     0.01736422          0.721839     0.01715895         0.7255497     0.01860219           0.74047     0.01770035         0.7617114  
   0.02290387          0.646338     0.02153716         0.6776805     0.02070642         0.6977947     0.02003429         0.7107166     0.01958619         0.7193417     0.02097055         0.7384342     0.01889301         0.7345298     0.01872995         0.7383148     0.01868987         0.7389009     0.01954344          0.767849     0.01904944         0.7793814  
   0.02463453         0.6592087     0.02314172         0.6910042     0.02223818         0.7109749     0.02161169         0.7260191     0.02123046         0.7343824     0.02283814         0.7486249     0.02090909         0.7385139     0.02089902         0.7377388     0.02011786         0.7548845      0.0209082         0.7881966     0.02042875         0.7983512  
   0.02644253         0.6654414     0.02520289         0.6963797     0.02408701         0.7217728     0.02322521         0.7390948     0.02286651         0.7471334     0.02510004         0.7510313     0.02305247         0.7443769     0.02233149         0.7588244     0.02151538         0.7755579     0.02242823         0.8078494     0.02187608         0.8190106  
   0.03098166         0.7170761     0.02887618         0.7401488     0.02567837          0.734377      0.0251745         0.7489512     0.02504066         0.7527571     0.02717118         0.7581264     0.02538598         0.7450611     0.02425604         0.7687206     0.02330668         0.7891486     0.02437715         0.8166217     0.02380196         0.8288813  
   0.03299876         0.7368489     0.03118981         0.7611046     0.02735029         0.7481773      0.0294552         0.7819498     0.02690213         0.7612123     0.02956534         0.7576914     0.02708588          0.762498     0.02595162         0.7851384     0.02506727         0.8024594     0.02606752         0.8342235     0.02546779         0.8461717  
   0.03494682         0.7595518     0.03327885         0.7804885     0.02992096         0.7784908     0.03192692         0.7957651     0.02932364         0.7712396     0.03240382         0.7832054     0.03128828         0.7993612     0.02762298         0.7986814     0.02674728         0.8183961     0.02775908         0.8465384     0.02710035         0.8603454  
   0.03697557         0.7824078     0.03553843         0.7984673      0.0322607         0.7932439     0.03430031         0.8112606     0.03201653         0.7917059     0.03466856          0.802179     0.03334461         0.8197941     0.02998439         0.8122906     0.02880081         0.8231627     0.03032288         0.8651717     0.02954089         0.8758115  
   0.03915252         0.8051283     0.03792713         0.8159699     0.03458259         0.8097073     0.03676625         0.8269016     0.03443396         0.8068031     0.03670995         0.8255099     0.03544484         0.8406555      0.0321794         0.8369266     0.03118285         0.8519855     0.03245431         0.8834542     0.03168992         0.8949078  
   0.04149924         0.8279445     0.04071391         0.8299521     0.03703592         0.8255846     0.03964744         0.8387952     0.03688569         0.8236547     0.03891069         0.8474708     0.03768882         0.8605112     0.03431487         0.8563024     0.03332046         0.8706717     0.03500952         0.8962197      0.0342281         0.9073721  
    0.0442578         0.8467554     0.04326612         0.8489609      0.0399829         0.8369117     0.04222458         0.8567534     0.03947085         0.8418684     0.04525717         0.8740349     0.04082064         0.8706902     0.03659788          0.874614      0.0357529         0.8859894     0.03810051         0.9044296     0.03713132         0.9175132  
   0.04761297         0.8632415     0.04592757         0.8681181     0.04249999         0.8553488     0.04491441         0.8743241     0.04215151         0.8584419     0.04843206         0.8870479     0.04367711         0.8858068     0.03992667          0.880637      0.0390081         0.8923552     0.04072062         0.9203472     0.03990669         0.9310398  
   0.05147602         0.8738817     0.04896871         0.8848613     0.04511258         0.8734921     0.04806621         0.8891556     0.04533657         0.8716439     0.05174411         0.9003235     0.04641989         0.9033046      0.0425591         0.8977821     0.04159251         0.9092857     0.04321898         0.9387082     0.04237289         0.9493118  
   0.05591868         0.8796336      0.0525034         0.8976526     0.04805611         0.8897052       0.051954         0.8988843     0.04935155         0.8807265     0.05612298         0.9031286     0.04946598          0.918807     0.04512868         0.9161688     0.04412338         0.9277424     0.04587083         0.9557486     0.04498923         0.9667162  
   0.06156477         0.8739142     0.05708733         0.9005045     0.05154772         0.9020577     0.05721543         0.8959468     0.05460158         0.8802112      0.0604291         0.9100501     0.05358701         0.9240647     0.04798751          0.932501     0.04684514         0.9444199     0.04962488         0.9625773      0.0486168         0.9739375  
   0.06776804         0.8663826     0.06176885         0.9053505     0.05611055         0.9052597      0.0631633         0.8907689     0.06147747         0.8637451     0.06512526         0.9148054     0.05757213         0.9333373     0.05195467         0.9388082       0.050702         0.9511443     0.05301447         0.9754216     0.05194151          0.986715  
   0.07566633         0.8470042     0.06727438         0.9040851     0.06083133          0.909822     0.07065456         0.8735008     0.06664339         0.8631275     0.07138903         0.9081695     0.06178411         0.9417127     0.05567633         0.9498611     0.05422369         0.9634004     0.05641924         0.9894639     0.05517166          1.002016  
   0.08540578         0.8205177     0.07398768         0.8948716      0.0665686          0.906754     0.07924954         0.8528516     0.07257997         0.8571301     0.07758423           0.90492     0.06758668         0.9377676     0.05954666         0.9606653     0.05782884         0.9760205     0.06040981         0.9995693     0.05884914          1.014484  
   0.09841875         0.7801331     0.08197053         0.8799502      0.0737144         0.8941688     0.08963939          0.824794     0.07860959         0.8555338      0.0857026         0.8917954     0.07293271         0.9399775     0.06486453         0.9600674     0.06257481         0.9798759     0.06568036         0.9995541      0.0640347          1.014502  
    0.1614701         0.5792947     0.09102167         0.8626835     0.08223353         0.8754675      0.1013918         0.7946031     0.08722011         0.8389392     0.09560748         0.8710572     0.08023238         0.9296055     0.06989842         0.9640106     0.06757654         0.9831387     0.07011356          1.008627     0.06814342          1.025806  
    0.1720265         0.5743878      0.1030606         0.8312532     0.09201131         0.8536613      0.1146049         0.7627435     0.09796594         0.8138387      0.1077964         0.8413851     0.08739021         0.9239004     0.07563019         0.9638134     0.07246299         0.9891287     0.07641958          1.004239     0.07365646          1.027094  
     0.180568          0.576518      0.1221097         0.7694023      0.1037462         0.8246225      0.1293034         0.7297274      0.1171823         0.7488407      0.1287361         0.7722755     0.09717105         0.9045716     0.08268575         0.9565767     0.07926308         0.9818149     0.08184641          1.008398     0.07911483          1.029772  
    0.1878136         0.5826559      0.1762615         0.5901571      0.1174684          0.790395       0.145356         0.6962063      0.1862279         0.6082148      0.1724092          0.625435      0.1089993          0.876925     0.09113518         0.9434448     0.08535806         0.9826747     0.08949392         0.9999634     0.08452391          1.035313  
    0.1947723         0.5893503      0.1844963         0.5926636      0.1334252         0.7508314      0.1621838         0.6637458       0.192084         0.6192664      0.1818059         0.6243639      0.1281069         0.8155976     0.09955603         0.9330185     0.09391593         0.9696472        0.09624         0.9991451      0.0913124           1.03348  
    0.1991079         0.6033398      0.1901008         0.6031628      0.1680077         0.6465199      0.1777623         0.6381472      0.1979264         0.6297016      0.1893298         0.6292443       0.174243         0.6520402      0.1109814          0.907898      0.1036569         0.9522494      0.1056916         0.9836699     0.09748627          1.036872  
    0.2020628         0.6206626      0.1941069         0.6178875      0.1796501         0.6356964      0.1947136         0.6098125      0.2036872         0.6399166      0.1959866         0.6365831      0.1859318         0.6415329      0.1291727         0.8505769      0.1147429         0.9294898      0.1112535         0.9931047       0.106242          1.024894  
    0.2097259         0.6197596      0.1978935         0.6320097      0.1873346         0.6375872      0.1997747         0.6231316      0.2089852         0.6507541      0.2020842         0.6453466      0.1937216         0.6446174      0.1784425         0.6688704      0.1300072         0.8868696      0.1217796         0.9736521      0.1164234           1.00636  
    0.2160781         0.6281572      0.2079918         0.6254432      0.2016402         0.6165846      0.2051231         0.6350604      0.2132952         0.6629192      0.2074482         0.6557617      0.2002011         0.6517802       0.190684          0.655476      0.1823266         0.6861386      0.1347764         0.9420398      0.1248284         0.9981395  
    0.2322789         0.6115882      0.2133216         0.6366679      0.2065121          0.630372      0.2103767         0.6462512      0.2171871         0.6747375      0.2120284         0.6674974      0.2056773         0.6616699      0.1978669         0.6598848       0.194687          0.671224       0.198244         0.6882324      0.1368534         0.9710649  
    0.2390101         0.6199954      0.2174381          0.648459      0.2117378         0.6417915      0.2145022         0.6585757      0.2211609         0.6851813      0.2159987         0.6792695       0.210579          0.672696      0.2035713         0.6688857      0.2012248         0.6772328      0.2043393         0.6951263      0.1517394         0.9308621  
    0.2455801         0.6287116      0.2214874         0.6593621      0.2157727         0.6540932      0.2183548         0.6703815      0.2301959         0.6805685      0.2198639         0.6902838      0.2146924         0.6843327      0.2088224         0.6788689      0.2067263         0.6863109      0.2095128         0.7047375      0.1708851         0.8711815  
    0.2520042         0.6375279      0.2514517         0.6345934      0.2196506         0.6656971      0.2268465         0.6670195                                       0.2286361         0.6856521      0.2185426          0.695537      0.2131795         0.6902647      0.2114272         0.6971784      0.2139092         0.7151044      0.1792107         0.8646589  
                                                                      0.2446227         0.6242683                                                                                                          0.227001         0.6909311       0.217063         0.7015495      0.2154694         0.7082477      0.2241083         0.7010112                                   
                                                                       0.250365         0.6330638                                                                                                                                                                           0.2248787         0.6981271                                                                    

