  0.009229698         0.3252382  
   0.01050401         0.3706259  
    0.0118877         0.4160181  
   0.01337374         0.4614329  
   0.01496212         0.5068566  
   0.01668861         0.5512658  
   0.01854028         0.5950807  
   0.02049586         0.6378857  
   0.02252185         0.6802295  
    0.0246213         0.7215746  
   0.02670481         0.7593839  
    0.0287199         0.7933829  
   0.03065796         0.8243755  
   0.03250635         0.8511961  
    0.0343204         0.8775195  
   0.03600701         0.8997981  
   0.03768733         0.9202488  
   0.03944239         0.9407988  
    0.0413356         0.9618034  
    0.0434506         0.9845492  
   0.04572123          1.008889  
   0.04789696          1.029161  
   0.05020678          1.049628  
   0.05253471          1.067281  
   0.05489481           1.08647  
   0.05751341          1.109769  
   0.06020278          1.130359  
   0.06290252          1.150205  
   0.06566792          1.170113  
    0.0685814          1.190511  
    0.0714773          1.209208  
   0.07447538          1.227553  
   0.07752913          1.245383  
   0.08073717          1.263447  
   0.08390828          1.277014  
   0.08710023           1.29083  
   0.09049067          1.304913  
   0.09403572          1.318235  
   0.09774252          1.327936  
    0.1014833          1.342248  
    0.1054041           1.35643  

