            2          109.8802  
          2.5          102.8234  
            3          97.01399  
          3.5          92.10071  
            4          87.89913  
          4.5          84.32927  
            5          81.20805  
          5.5          78.47981  
            6           76.0533  
          6.5           73.9436  
            7          72.13002  
          7.5          70.71366  
            8           69.5285  
          8.5          68.64892  
            9          67.90958  
          9.5          67.06083  
           10          66.17895  
         10.5          65.40787  
           11          64.67175  
         11.5           63.9543  
           12          63.32381  
         12.5          62.65291  
           13          62.05275  
         13.5          61.56008  
           14          61.02036  
         14.5          60.54842  
           15          60.07506  
         15.5          59.46517  
           16          58.99571  
         16.5          58.55635  
           17          58.09996  
         17.5          57.58186  
           18          57.16202  
         18.5          56.79232  
           19          56.44456  
         19.5          56.01474  
           20          55.69161  
         20.5          55.44828  
           21          55.18046  
         21.5           54.8663  
           22           54.6679  
         22.5          54.46566  
           23          54.29812  
         23.5          54.09138  
           24           54.0616  
         24.5          53.93268  

